3.119707897421470921e-01
3.755176187693441414e-01
5.632296591612495629e-01
6.831472894710239885e-01
6.175324945477415062e-01
3.561448927665137543e+00
5.771285789786162468e-01
4.875728499522369308e-01
6.783267327067308283e-01
8.545269513950902729e-01
8.099434823443868448e-01
8.196509290649846013e-01
1.122597477916270403e+00
1.233112458284244317e+00
1.381855363096428757e+00
1.414790808262175181e+00
1.392638266495568322e+00
1.383917543124665084e+00
1.480034296280714923e+00
1.569441040312872016e+00
